1 0.000004 4.000000 0.858407
201 0.000008 3.203980 0.0623873
401 0.000012 3.182045 0.0404523
601 0.000015 3.214642 0.0730493
801 0.000019 3.210986 0.0693933
1001 0.000026 3.136863 0.00472965
1201 0.000027 3.147377 0.00578435
1401 0.000031 3.146324 0.00473135
1601 0.000035 3.145534 0.00394135
1801 0.000041 3.142699 0.00110635
2001 0.000042 3.154423 0.0128303
2201 0.000051 3.158564 0.0169713
2401 0.000054 3.160350 0.0187573
2601 0.000052 3.158785 0.0171923
2801 0.000056 3.146019 0.00442635
3001 0.000060 3.142952 0.00135935
3201 0.000063 3.161512 0.0199193
3401 0.000068 3.173184 0.0315913
3601 0.000080 3.178006 0.0364133
3801 0.000075 3.169692 0.0280993
4001 0.000078 3.164209 0.0226163
4201 0.000093 3.158296 0.0167033
4401 0.000086 3.162009 0.0204163
4601 0.000090 3.162791 0.0211983
4801 0.000148 3.164341 0.0227483
5001 0.000118 3.173765 0.0321723
5201 0.000106 3.176312 0.0347193
5401 0.000104 3.169783 0.0281903
5601 0.000109 3.165863 0.0242703
5801 0.000119 3.164282 0.0226893
6001 0.000168 3.167472 0.0258793
6201 0.000119 3.172392 0.0307993
6401 0.000122 3.172004 0.0304113
6601 0.000145 3.174065 0.0324723
6801 0.000137 3.166593 0.0250003
7001 0.000132 3.160691 0.0190983
7201 0.000136 3.164560 0.0229673
7401 0.000157 3.163897 0.0223043
7601 0.000141 3.166952 0.0253593
7801 0.000146 3.170876 0.0292833
8001 0.000213 3.168104 0.0265113
8201 0.000277 3.171321 0.0297283
8401 0.000179 3.173908 0.0323153
8601 0.000183 3.172654 0.0310613
8801 0.000240 3.171458 0.0298653
9001 0.000174 3.173425 0.0318323
9201 0.000170 3.173133 0.0315403
9401 0.000227 3.170727 0.0291343
9601 0.000183 3.171336 0.0297433
9801 0.000200 3.173962 0.0323693
10001 0.000245 3.171683 0.0300903
10201 0.000200 3.170277 0.0286843
10401 0.000201 3.173541 0.0319483
10601 0.000273 3.173286 0.0316933
10801 0.000215 3.167484 0.0258913
11001 0.000203 3.163349 0.0217563
11201 0.000322 3.164717 0.0231243
11401 0.000216 3.161477 0.0198843
11601 0.000218 3.162141 0.0205483
11801 0.000216 3.158037 0.0164443
12001 0.000235 3.157070 0.0154773
12201 0.000233 3.157774 0.0161813
12401 0.000228 3.159745 0.0181523
12601 0.000238 3.162924 0.0213313
12801 0.000268 3.161316 0.0197233
13001 0.000293 3.162526 0.0209333
13201 0.000269 3.161276 0.0196833
13401 0.000256 3.160361 0.0187683
13601 0.000249 3.162120 0.0205273
13801 0.000276 3.159771 0.0181783
14001 0.000264 3.160917 0.0193243
14201 0.000396 3.162031 0.0204383
14401 0.000270 3.159781 0.0181883
14601 0.000273 3.159236 0.0176433
14801 0.000307 3.158976 0.0173833
15001 0.000275 3.158189 0.0165963
15201 0.000427 3.155845 0.0142523
15401 0.000300 3.155380 0.0137873
15601 0.000378 3.155439 0.0138463
15801 0.000294 3.157269 0.0156763
16001 0.000558 3.157303 0.0157103
16201 0.000391 3.155855 0.0142623
16401 0.000316 3.155661 0.0140683
16601 0.000332 3.154268 0.0126753
16801 0.000540 3.153860 0.0122673
17001 0.000317 3.153697 0.0121043
17201 0.000359 3.154235 0.0126423
17401 0.000370 3.156140 0.0145473
17601 0.000389 3.156639 0.0150463
17801 0.000483 3.156901 0.0153083
18001 0.000342 3.157380 0.0157873
18201 0.000344 3.157629 0.0160363
18401 0.000344 3.156568 0.0149753
18601 0.000347 3.155314 0.0137213
18801 0.000383 3.156002 0.0144093
19001 0.000421 3.155202 0.0136093
19201 0.000579 3.156086 0.0144933
19401 0.000374 3.156538 0.0149453
19601 0.000381 3.156982 0.0153893
19801 0.000398 3.156406 0.0148133
20001 0.000387 3.156642 0.0150493
20201 0.000398 3.155091 0.0134983
20401 0.000396 3.153963 0.0123703
20601 0.000399 3.154216 0.0126233
20801 0.000460 3.153310 0.0117173
21001 0.000522 3.152802 0.0112093
21201 0.000427 3.152115 0.0105223
21401 0.000432 3.153684 0.0120913
21601 0.000504 3.152261 0.0106683
21801 0.000639 3.152149 0.0105563
22001 0.000447 3.153493 0.0119003
22201 0.000431 3.155714 0.0141213
22401 0.000439 3.156288 0.0146953
22601 0.000439 3.154905 0.0133123
22801 0.000437 3.156704 0.0151113
23001 0.000463 3.156906 0.0153133
23201 0.000505 3.157278 0.0156853
23401 0.000442 3.157643 0.0160503
23601 0.000444 3.156985 0.0153923
23801 0.000449 3.159699 0.0181063
24001 0.000461 3.158702 0.0171093
24201 0.000462 3.159539 0.0179463
24401 0.000459 3.158395 0.0168023
24601 0.000503 3.159059 0.0174663
24801 0.000576 3.158098 0.0165053
25001 0.000768 3.157314 0.0157213
25201 0.000482 3.157335 0.0157423
25401 0.000486 3.156726 0.0151333
25601 0.000492 3.156908 0.0153153
25801 0.000470 3.156002 0.0144093
26001 0.000480 3.156494 0.0149013
26201 0.000499 3.156979 0.0153863
26401 0.000482 3.155638 0.0140453
26601 0.000586 3.156573 0.0149803
26801 0.000517 3.155852 0.0142593
27001 0.000494 3.154550 0.0129573
27201 0.000662 3.153266 0.0116733
27401 0.000518 3.153170 0.0115773
27601 0.000683 3.154234 0.0126413
27801 0.000530 3.155426 0.0138333
28001 0.000515 3.157887 0.0162943
28201 0.000518 3.157760 0.0161673
28401 0.000526 3.157776 0.0161833
28601 0.000522 3.157932 0.0163393
28801 0.000600 3.156835 0.0152423
29001 0.000530 3.157270 0.0156773
29201 0.000541 3.157974 0.0163813
29401 0.000795 3.158804 0.0172113
29601 0.000556 3.158812 0.0172193
29801 0.000544 3.158149 0.0165563
30001 0.000645 3.158561 0.0169683
30201 0.000617 3.156717 0.0151243
30401 0.000553 3.156607 0.0150143
30601 0.000767 3.155583 0.0139903
30801 0.000707 3.155742 0.0141493
31001 0.000627 3.154092 0.0124993
31201 0.000602 3.153360 0.0117673
31401 0.000608 3.152002 0.0104093
31601 0.000665 3.152812 0.0112193
31801 0.000621 3.151222 0.00962935
32001 0.000643 3.151152 0.00955935
32201 0.000659 3.149219 0.00762635
32401 0.000643 3.148915 0.00732235
32601 0.000635 3.149965 0.00837235
32801 0.000725 3.151123 0.00953035
33001 0.000710 3.150814 0.00922135
33201 0.000676 3.150387 0.00879435
33401 0.000644 3.151163 0.00957035
33601 0.000731 3.150263 0.00867035
33801 0.000712 3.150439 0.00884635
34001 0.000657 3.150378 0.00878535
34201 0.001073 3.150083 0.00849035
34401 0.001016 3.149792 0.00819935
34601 0.000670 3.149273 0.00768035
34801 0.000678 3.150254 0.00866135
35001 0.000694 3.149510 0.00791735
35201 0.000767 3.148888 0.00729535
35401 0.000773 3.148612 0.00701935
35601 0.000682 3.147889 0.00629635
35801 0.000712 3.146616 0.00502335
36001 0.000767 3.146135 0.00454235
36201 0.000790 3.145438 0.00384535
36401 0.000715 3.145078 0.00348535
36601 0.000718 3.145488 0.00389535
36801 0.000713 3.145241 0.00364835
37001 0.000723 3.145104 0.00351135
37201 0.000983 3.144432 0.00283935
37401 0.000747 3.144515 0.00292235
37601 0.000724 3.144065 0.00247235
37801 0.000786 3.144150 0.00255735
38001 0.000740 3.143391 0.00179835
38201 0.000775 3.143792 0.00219935
38401 0.000753 3.143668 0.00207535
38601 0.000764 3.143235 0.00164235
38801 0.000769 3.143424 0.00183135
39001 0.000756 3.143919 0.00232635
39201 0.000854 3.143491 0.00189835
39401 0.000796 3.143880 0.00228735
39601 0.000763 3.143759 0.00216635
39801 0.000776 3.143037 0.00144435
40001 0.000782 3.143321 0.00172835
40201 0.000820 3.144499 0.00290635
40401 0.000785 3.145665 0.00407235
40601 0.000852 3.145538 0.00394535
40801 0.000812 3.144825 0.00323235
41001 0.000827 3.145679 0.00408635
41201 0.000789 3.146040 0.00444735
41401 0.000790 3.147557 0.00596435
41601 0.000805 3.147424 0.00583135
41801 0.000800 3.147293 0.00570035
42001 0.000880 3.146401 0.00480835
42201 0.000792 3.147129 0.00553635
42401 0.000818 3.146813 0.00522035
42601 0.000801 3.147156 0.00556335
42801 0.000808 3.146936 0.00534335
43001 0.001482 3.146811 0.00521835
43201 0.000875 3.147242 0.00564935
43401 0.000838 3.147854 0.00626135
43601 0.000810 3.146625 0.00503235
43801 0.000868 3.146777 0.00518435
44001 0.001018 3.146292 0.00469935
44201 0.000979 3.145902 0.00430935
44401 0.000836 3.146686 0.00509335
44601 0.000865 3.145669 0.00407635
44801 0.000948 3.145823 0.00423035
45001 0.000847 3.146686 0.00509335
45201 0.000927 3.146745 0.00515235
45401 0.000907 3.146098 0.00450535
45601 0.000916 3.145984 0.00439135
45801 0.000904 3.146831 0.00523835
46001 0.000886 3.146540 0.00494735
46201 0.000878 3.146166 0.00457335
46401 0.000880 3.146656 0.00506335
46601 0.000851 3.145426 0.00383335
46801 0.001162 3.145745 0.00415235
47001 0.001039 3.146146 0.00455335
47201 0.000869 3.145696 0.00410335
47401 0.001098 3.146010 0.00441735
47601 0.001487 3.145648 0.00405535
47801 0.001016 3.146210 0.00461735
48001 0.000915 3.146434 0.00484135
48201 0.001012 3.146740 0.00514735
48401 0.000935 3.147290 0.00569735
48601 0.000958 3.147178 0.00558535
48801 0.000905 3.146411 0.00481835
49001 0.001013 3.146630 0.00503735
49201 0.001016 3.146684 0.00509135
49401 0.000925 3.146738 0.00514535
49601 0.001138 3.146066 0.00447335
49801 0.000997 3.146041 0.00444835
50001 0.000918 3.146177 0.00458435
50201 0.001045 3.145674 0.00408135
50401 0.000911 3.144938 0.00334535
50601 0.001016 3.144444 0.00285135
50801 0.000940 3.143639 0.00204635
51001 0.000922 3.143625 0.00203235
51201 0.000935 3.143767 0.00217435
51401 0.000949 3.143130 0.00153735
51601 0.001361 3.142807 0.00121435
51801 0.001005 3.142179 0.000586346
52001 0.001017 3.140786 0.000806654
52201 0.001063 3.140936 0.000656654
52401 0.001037 3.140245 0.00134765
52601 0.000993 3.140777 0.000815654
52801 0.000982 3.140774 0.000818654
53001 0.001136 3.140318 0.00127465
53201 0.001049 3.140918 0.000674654
53401 0.001124 3.140765 0.000827654
53601 0.001019 3.141061 0.000531654
53801 0.000981 3.141206 0.000386654
54001 0.001051 3.140757 0.000835654
54201 0.001286 3.140828 0.000764654
54401 0.001021 3.141560 3.26536e-05
54601 0.001044 3.142214 0.000621346
54801 0.001042 3.142059 0.000466346
55001 0.001034 3.142125 0.000532346
55201 0.001140 3.141972 0.000379346
55401 0.001011 3.142470 0.000877346
55601 0.001662 3.142461 0.000868346
55801 0.001067 3.142166 0.000573346
56001 0.001020 3.142730 0.00113735
56201 0.001163 3.142791 0.00119835
56401 0.001080 3.142994 0.00140135
56601 0.001141 3.142701 0.00110835
56801 0.001191 3.142409 0.000816346
57001 0.001134 3.141769 0.000176346
57201 0.001100 3.141274 0.000318654
57401 0.001102 3.141269 0.000323654
57601 0.001305 3.141890 0.000297346
57801 0.001122 3.142091 0.000498346
58001 0.001115 3.142498 0.000905346
58201 0.001154 3.142145 0.000552346
58401 0.001130 3.142275 0.000682346
58601 0.001168 3.142745 0.00115235
58801 0.001146 3.142464 0.000871346
59001 0.001214 3.142523 0.000930346
59201 0.001146 3.142582 0.000989346
59401 0.001145 3.142102 0.000509346
59601 0.001240 3.142028 0.000435346
59801 0.001179 3.141887 0.000294346
60001 0.001308 3.141748 0.000155346
60201 0.001153 3.141675 8.23464e-05
60401 0.001110 3.141405 0.000187654
60601 0.001196 3.141202 0.000390654
60801 0.001116 3.141198 0.000394654
61001 0.001200 3.140670 0.000922654
61201 0.001498 3.140472 0.00112065
61401 0.001160 3.140470 0.00112265
61601 0.001270 3.140339 0.00125365
61801 0.001712 3.140596 0.000996654
62001 0.001213 3.140530 0.00106265
62201 0.001153 3.140207 0.00138565
62401 0.001322 3.140655 0.000937654
62601 0.001187 3.141228 0.000364654
62801 0.001264 3.141351 0.000241654
63001 0.001159 3.141093 0.000499654
63201 0.001203 3.141090 0.000502654
63401 0.001239 3.140960 0.000632654
63601 0.001264 3.140768 0.000824654
63801 0.001222 3.140766 0.000826654
64001 0.001217 3.141013 0.000579654
64201 0.001277 3.141633 4.03464e-05
64401 0.001589 3.141628 3.53464e-05
64601 0.001260 3.141747 0.000154346
64801 0.001316 3.141680 8.73464e-05
65001 0.001175 3.141490 0.000102654
65201 0.001216 3.141486 0.000106654
65401 0.001274 3.141848 0.000255346
65601 0.001224 3.141537 5.56536e-05
65801 0.001771 3.141776 0.000183346
66001 0.001264 3.141771 0.000178346
66201 0.001522 3.141886 0.000293346
66401 0.001250 3.141579 1.36536e-05
66601 0.001247 3.141394 0.000198654
66801 0.001217 3.141330 0.000262654
67001 0.001900 3.140908 0.000684654
67201 0.001344 3.141382 0.000210654
67401 0.001265 3.141378 0.000214654
67601 0.001372 3.141670 7.73464e-05
67801 0.001356 3.141783 0.000190346
68001 0.001517 3.142307 0.000714346
68201 0.001342 3.141948 0.000355346
68401 0.001265 3.141358 0.000234654
68601 0.001495 3.141295 0.000297654
68801 0.001536 3.141001 0.000591654
69001 0.001321 3.140998 0.000594654
69201 0.001311 3.141457 0.000135654
69401 0.001304 3.141972 0.000379346
69601 0.001256 3.141736 0.000143346
69801 0.001392 3.142018 0.000425346
70001 0.001392 3.141841 0.000248346
70201 0.001562 3.141893 0.000300346
70401 0.001635 3.142058 0.000465346
70601 0.001468 3.141599 6.34641e-06
70801 0.001350 3.141425 0.000167654
71001 0.001279 3.141533 5.96536e-05
71201 0.001386 3.141192 0.000400654
71401 0.001480 3.141132 0.000460654
71601 0.001631 3.141073 0.000519654
71801 0.001382 3.141293 0.000299654
72001 0.001318 3.140901 0.000691654
72201 0.002213 3.141452 0.000140654
72401 0.001385 3.142001 0.000408346
72601 0.001339 3.141830 0.000237346
72801 0.001450 3.141880 0.000287346
73001 0.001504 3.141217 0.000375654
73201 0.001382 3.141378 0.000214654
73401 0.001374 3.141592 6.5359e-07
73601 0.001422 3.141533 5.96536e-05
73801 0.001459 3.141583 9.65359e-06
74001 0.001458 3.142174 0.000581346
74201 0.001413 3.141791 0.000198346
74401 0.001388 3.141248 0.000344654
74601 0.001360 3.141620 2.73464e-05
74801 0.001481 3.141509 8.36536e-05
75001 0.001461 3.140811 0.000781654
75201 0.001467 3.141022 0.000570654
75401 0.001393 3.141391 0.000201654
75601 0.001544 3.141122 0.000470654
75801 0.001565 3.141964 0.000371346
76001 0.001584 3.142011 0.000418346
76201 0.001645 3.142373 0.000780346
76401 0.001813 3.142053 0.000460346
76601 0.001450 3.141473 0.000119654
76801 0.001477 3.141470 0.000122654
77001 0.001563 3.141362 0.000230654
77201 0.001746 3.141203 0.000389654
77401 0.001520 3.141406 0.000186654
77601 0.001524 3.141094 0.000498654
77801 0.001512 3.141451 0.000141654
78001 0.001512 3.141293 0.000299654
78201 0.001600 3.141597 4.34641e-06
78401 0.001541 3.141848 0.000255346
78601 0.001775 3.141639 4.63464e-05
78801 0.001782 3.141889 0.000296346
79001 0.001537 3.141732 0.000139346
79201 0.001448 3.141374 0.000218654
79401 0.001994 3.141421 0.000171654
79601 0.001533 3.141368 0.000224654
79801 0.001645 3.141414 0.000178654
80001 0.001616 3.141511 8.16536e-05
80201 0.001531 3.141657 6.43464e-05
80401 0.001579 3.141254 0.000338654
80601 0.001586 3.141003 0.000589654
80801 0.001541 3.141149 0.000443654
81001 0.001551 3.140998 0.000594654
81201 0.001834 3.141193 0.000399654
81401 0.001490 3.140895 0.000697654
81601 0.001713 3.141138 0.000454654
81801 0.001947 3.141086 0.000506654
82001 0.001494 3.141279 0.000313654
82201 0.001565 3.140935 0.000657654
82401 0.001606 3.140933 0.000659654
82601 0.002256 3.141027 0.000565654
82801 0.002436 3.140687 0.000905654
83001 0.002338 3.140589 0.00100365
83201 0.002623 3.140155 0.00143765
83401 0.002487 3.139866 0.00172665
83601 0.001812 3.139819 0.00177365
83801 0.001614 3.140058 0.00153465
84001 0.001609 3.140296 0.00129665
84201 0.001647 3.140675 0.000917654
84401 0.001979 3.140342 0.00125065
84601 0.001594 3.140719 0.000873654
84801 0.001579 3.140718 0.000874654
85001 0.001560 3.140857 0.000735654
85201 0.001777 3.141278 0.000314654
85401 0.001766 3.140994 0.000598654
85601 0.001566 3.140150 0.00144265
85801 0.002232 3.139357 0.00223565
86001 0.002012 3.139033 0.00255965
86201 0.001713 3.138943 0.00264965
86401 0.001899 3.138714 0.00287865
86601 0.001895 3.139086 0.00250665
86801 0.001708 3.139641 0.00195165
87001 0.001815 3.140056 0.00153665
87201 0.001704 3.140147 0.00144565
87401 0.001657 3.139918 0.00167465
87601 0.001698 3.140147 0.00144565
87801 0.001693 3.139600 0.00199265
88001 0.001724 3.139783 0.00180965
88201 0.001717 3.139466 0.00212665
88401 0.001899 3.140055 0.00153765
88601 0.001748 3.140281 0.00131165
88801 0.001627 3.140550 0.00104265
89001 0.001965 3.140279 0.00131365
89201 0.001720 3.140593 0.000999654
89401 0.001628 3.140681 0.000911654
89601 0.001750 3.140322 0.00127065
89801 0.001694 3.140321 0.00127165
90001 0.001923 3.140321 0.00127165
90201 0.001790 3.140231 0.00136165
90401 0.001696 3.140187 0.00140565
90601 0.001833 3.140142 0.00145065
90801 0.002188 3.140186 0.00140665
91001 0.001919 3.140669 0.000923654
91201 0.002255 3.140711 0.000881654
91401 0.001699 3.140316 0.00127665
91601 0.001765 3.140315 0.00127765
91801 0.001701 3.139966 0.00162665
92001 0.002321 3.140009 0.00158365
92201 0.001815 3.140053 0.00153965
92401 0.001755 3.139836 0.00175665
92601 0.001754 3.139793 0.00179965
92801 0.001870 3.139880 0.00171265
93001 0.001917 3.139665 0.00192765
93201 0.002043 3.139709 0.00188365
93401 0.001813 3.140223 0.00136965
93601 0.001923 3.140565 0.00102765
93801 0.001791 3.140436 0.00115665
94001 0.001823 3.140775 0.000817654
94201 0.002241 3.140434 0.00115865
94401 0.002147 3.140348 0.00124465
94601 0.001852 3.140094 0.00149865
94801 0.002570 3.140136 0.00145665
95001 0.001834 3.139967 0.00162565
95201 0.001771 3.139883 0.00170965
95401 0.001746 3.139716 0.00187665
95601 0.002087 3.139674 0.00191865
95801 0.001829 3.139633 0.00195965
96001 0.001826 3.139884 0.00170865
96201 0.002097 3.140051 0.00154165
96401 0.001886 3.139801 0.00179165
96601 0.001788 3.139843 0.00174965
96801 0.002784 3.139844 0.00174865
97001 0.001793 3.140050 0.00154265
97201 0.001826 3.140544 0.00104865
97401 0.001772 3.140830 0.000762654
97601 0.001921 3.140951 0.000641654
97801 0.002133 3.141195 0.000397654
98001 0.001902 3.141356 0.000236654
98201 0.002410 3.141638 4.53464e-05
98401 0.001771 3.141675 8.23464e-05
98601 0.001905 3.141794 0.000201346
98801 0.001878 3.141547 4.56536e-05
99001 0.002014 3.141625 3.23464e-05
99201 0.001918 3.141541 5.16536e-05
99401 0.002089 3.141498 9.46536e-05
99601 0.001821 3.141414 0.000178654
99801 0.001896 3.141492 0.000100654
