1 0.000005 4.000000 0.858407
151 0.000008 3.205298 0.0637053
301 0.000019 3.122924 0.0186687
451 0.000017 3.210643 0.0690503
601 0.000016 3.214642 0.0730493
751 0.000020 3.222370 0.0807773
901 0.000022 3.152053 0.0104603
1051 0.000026 3.147479 0.00588635
1201 0.000028 3.147377 0.00578435
1351 0.000060 3.144338 0.00274535
1501 0.000034 3.149900 0.00830735
1651 0.000036 3.147184 0.00559135
1801 0.000043 3.142699 0.00110635
1951 0.000058 3.147104 0.00551135
2101 0.000050 3.162304 0.0207113
2251 0.000046 3.159485 0.0178923
2401 0.000048 3.160350 0.0187573
2551 0.000058 3.157977 0.0163843
2701 0.000056 3.154387 0.0127943
2851 0.000065 3.142757 0.00116435
3001 0.000063 3.142952 0.00135935
3151 0.000063 3.155824 0.0142313
3301 0.000072 3.172372 0.0307793
3451 0.000095 3.172414 0.0308213
3601 0.000073 3.178006 0.0364133
3751 0.000077 3.172487 0.0308943
3901 0.000109 3.169444 0.0278513
4051 0.000092 3.162676 0.0210833
4201 0.000091 3.158296 0.0167033
4351 0.000199 3.163411 0.0218183
4501 0.000093 3.165519 0.0239263
4651 0.000125 3.161471 0.0198783
4801 0.000095 3.164341 0.0227483
4951 0.000101 3.169461 0.0278683
5101 0.000177 3.177416 0.0358233
5251 0.000105 3.175776 0.0341833
5401 0.000106 3.169783 0.0281903
5551 0.000111 3.165556 0.0239633
5701 0.000116 3.163655 0.0220623
5851 0.000120 3.165955 0.0243623
6001 0.000125 3.167472 0.0258793
6151 0.000124 3.168265 0.0266723
6301 0.000132 3.171560 0.0299673
6451 0.000128 3.171601 0.0300083
6601 0.000143 3.174065 0.0324723
6751 0.000127 3.172271 0.0306783
6901 0.000138 3.164179 0.0225863
7051 0.000150 3.158701 0.0171083
7201 0.000151 3.164560 0.0229673
7351 0.000151 3.163107 0.0215143
7501 0.000228 3.163845 0.0222523
7651 0.000149 3.168736 0.0271433
7801 0.000216 3.170876 0.0292833
7951 0.000165 3.168406 0.0268133
8101 0.000174 3.169979 0.0283863
8251 0.000160 3.170525 0.0289323
8401 0.000192 3.173908 0.0323153
8551 0.000237 3.173430 0.0318373
8701 0.000164 3.169751 0.0281583
8851 0.000164 3.169811 0.0282183
9001 0.000181 3.173425 0.0318323
9151 0.000175 3.172987 0.0313943
9301 0.000233 3.169122 0.0275293
9451 0.000186 3.170035 0.0284423
9601 0.000200 3.171336 0.0297433
9751 0.000205 3.172598 0.0310053
9901 0.000264 3.172609 0.0310163
10051 0.000328 3.171028 0.0294353
10201 0.000220 3.170277 0.0286843
10351 0.000203 3.173800 0.0322073
10501 0.000206 3.173412 0.0318193
10651 0.000217 3.170782 0.0291893
10801 0.000224 3.167484 0.0258913
10951 0.000285 3.163547 0.0219543
11101 0.000309 3.165481 0.0238883
11251 0.000248 3.163097 0.0215043
11401 0.000241 3.161477 0.0198843
11551 0.000263 3.160938 0.0193453
11701 0.000231 3.160755 0.0191623
11851 0.000233 3.158552 0.0169593
12001 0.000228 3.157070 0.0154773
12151 0.000225 3.158259 0.0166663
12301 0.000229 3.157792 0.0161993
12451 0.000249 3.160549 0.0189563
12601 0.000335 3.162924 0.0213313
12751 0.000237 3.162419 0.0208263
12901 0.000245 3.162546 0.0209533
13051 0.000257 3.161444 0.0198513
13201 0.000352 3.161276 0.0196833
13351 0.000254 3.160812 0.0192193
13501 0.000264 3.160951 0.0193583
13651 0.000301 3.161087 0.0194943
13801 0.000275 3.159771 0.0181783
13951 0.000267 3.159343 0.0177503
14101 0.000366 3.162329 0.0207363
14251 0.000313 3.160480 0.0188873
14401 0.000269 3.159781 0.0181883
14551 0.000312 3.158546 0.0169533
14701 0.000401 3.158969 0.0173763
14851 0.000292 3.159653 0.0180603
15001 0.000295 3.158189 0.0165963
15151 0.000465 3.156227 0.0146343
15301 0.000297 3.156395 0.0148023
15451 0.000311 3.155006 0.0134133
15601 0.000299 3.155439 0.0138463
15751 0.000326 3.157387 0.0157943
15901 0.000328 3.159047 0.0174543
16051 0.000325 3.157186 0.0155933
16201 0.000513 3.155855 0.0142623
16351 0.000323 3.155770 0.0141773
16501 0.000579 3.155445 0.0138523
16651 0.000527 3.154886 0.0132933
16801 0.000464 3.153860 0.0122673
16951 0.000477 3.154504 0.0129113
17101 0.000353 3.153266 0.0116733
17251 0.000375 3.155063 0.0134703
17401 0.000609 3.156140 0.0145473
17551 0.000323 3.156287 0.0146943
17701 0.000373 3.156432 0.0148393
17851 0.000387 3.156798 0.0152053
18001 0.000406 3.157380 0.0157873
18151 0.000352 3.157292 0.0156993
18301 0.000368 3.158079 0.0164863
18451 0.000344 3.156468 0.0148753
18601 0.000362 3.155314 0.0137213
18751 0.000393 3.155032 0.0134393
18901 0.000444 3.156023 0.0144303
19051 0.000350 3.155740 0.0141473
19201 0.000483 3.156086 0.0144933
19351 0.000384 3.157253 0.0156603
19501 0.000420 3.156761 0.0151683
19651 0.000411 3.156481 0.0148883
19801 0.000394 3.156406 0.0148133
19951 0.000671 3.157135 0.0155423
20101 0.000390 3.155266 0.0136733
20251 0.000471 3.154807 0.0132143
20401 0.000525 3.153963 0.0123703
20551 0.000451 3.154494 0.0129013
20701 0.000380 3.154051 0.0124583
20851 0.000397 3.154189 0.0125963
21001 0.000424 3.152802 0.0112093
21151 0.000394 3.152570 0.0109773
21301 0.000471 3.151589 0.00999635
21451 0.000407 3.153979 0.0123863
21601 0.000395 3.152261 0.0106683
21751 0.000428 3.152407 0.0108143
21901 0.000563 3.152367 0.0107743
22051 0.000414 3.153598 0.0120053
22201 0.000991 3.155714 0.0141213
22351 0.000420 3.156727 0.0151343
22501 0.000437 3.155060 0.0134673
22651 0.000613 3.154828 0.0132353
22801 0.000658 3.156704 0.0151113
22951 0.000668 3.156987 0.0153943
23101 0.000452 3.157093 0.0155003
23251 0.000491 3.157542 0.0159493
23401 0.000472 3.157643 0.0160503
23551 0.000439 3.157573 0.0159803
23701 0.000436 3.158517 0.0169243
23851 0.000612 3.158274 0.0166813
24001 0.000441 3.158702 0.0171093
24151 0.000478 3.159124 0.0175313
24301 0.000469 3.158553 0.0169603
24451 0.000471 3.158480 0.0168873
24601 0.000631 3.159059 0.0174663
24751 0.000450 3.158175 0.0165823
24901 0.000483 3.157464 0.0158713
25051 0.000465 3.157399 0.0158063
25201 0.000475 3.157335 0.0157423
25351 0.000866 3.156483 0.0148903
25501 0.000762 3.156268 0.0146753
25651 0.000514 3.157148 0.0155553
25801 0.000513 3.156002 0.0144093
25951 0.000499 3.156564 0.0149713
26101 0.000480 3.156814 0.0152213
26251 0.000538 3.156146 0.0145533
26401 0.000574 3.155638 0.0140453
26551 0.000591 3.157094 0.0155013
26701 0.000734 3.156136 0.0145433
26851 0.000531 3.155637 0.0140443
27001 0.000560 3.154550 0.0129573
27151 0.000516 3.153328 0.0117353
27301 0.000678 3.153584 0.0119913
27451 0.000565 3.153546 0.0119533
27601 0.000728 3.154234 0.0126413
27751 0.000536 3.155057 0.0134643
27901 0.000610 3.156589 0.0149963
28051 0.001322 3.158105 0.0165123
28201 0.000519 3.157760 0.0161673
28351 0.000648 3.157843 0.0162503
28501 0.000531 3.157363 0.0157703
28651 0.000815 3.157586 0.0159933
28801 0.000579 3.156835 0.0152423
28951 0.000620 3.157058 0.0154653
29101 0.000552 3.158105 0.0165123
29251 0.000583 3.157772 0.0161793
29401 0.000714 3.158804 0.0172113
29551 0.000633 3.158607 0.0170143
29701 0.000778 3.158547 0.0169543
29851 0.000600 3.158219 0.0166263
30001 0.000543 3.158561 0.0169683
30151 0.000559 3.156910 0.0153173
30301 0.002780 3.156992 0.0153993
30451 0.002724 3.156415 0.0148223
30601 0.002436 3.155583 0.0139903
30751 0.002640 3.155670 0.0140773
30901 0.002707 3.155238 0.0136453
31051 0.000675 3.154037 0.0124443
31201 0.000627 3.153360 0.0117673
31351 0.000649 3.152563 0.0109703
31501 0.000807 3.152535 0.0109423
31651 0.000771 3.152128 0.0105353
31801 0.000583 3.151222 0.00962935
31951 0.000627 3.152202 0.0106093
32101 0.000823 3.149933 0.00834035
32251 0.000602 3.149422 0.00782935
32401 0.000659 3.148915 0.00732235
32551 0.000595 3.149888 0.00829535
32701 0.000876 3.149751 0.00815835
32851 0.001533 3.151320 0.00972735
33001 0.000664 3.150814 0.00922135
33151 0.000725 3.150554 0.00896135
33301 0.000667 3.151137 0.00954435
33451 0.000668 3.150519 0.00892635
33601 0.000898 3.150263 0.00867035
33751 0.000683 3.150366 0.00877335
33901 0.001272 3.151175 0.00958235
34051 0.000663 3.150803 0.00921035
34201 0.000866 3.150083 0.00849035
34351 0.000633 3.149836 0.00824335
34501 0.000631 3.149358 0.00776535
34651 0.000763 3.149924 0.00833135
34801 0.000913 3.150254 0.00866135
34951 0.000855 3.149552 0.00795935
35101 0.000901 3.149198 0.00760535
35251 0.000728 3.148279 0.00668635
35401 0.000839 3.148612 0.00701935
35551 0.000778 3.147703 0.00611035
35701 0.000982 3.146579 0.00498635
35851 0.001095 3.145798 0.00420535
36001 0.000990 3.146135 0.00454235
36151 0.001106 3.145252 0.00365935
36301 0.000704 3.145148 0.00355535
36451 0.000732 3.145154 0.00356135
36601 0.000861 3.145488 0.00389535
36751 0.000768 3.145493 0.00390035
36901 0.000730 3.145172 0.00357935
37051 0.000761 3.144854 0.00326135
37201 0.001205 3.144432 0.00283935
37351 0.001129 3.144333 0.00274035
37501 0.000744 3.144876 0.00328335
37651 0.001097 3.144246 0.00265335
37801 0.000722 3.144150 0.00255735
37951 0.000845 3.143527 0.00193435
38101 0.001317 3.142910 0.00131735
38251 0.000754 3.143238 0.00164535
38401 0.000771 3.143668 0.00207535
38551 0.000753 3.143576 0.00198335
38701 0.000753 3.143278 0.00168535
38851 0.001151 3.143600 0.00200735
39001 0.000757 3.143919 0.00232635
39151 0.000758 3.143726 0.00213335
39301 0.000787 3.143330 0.00173735
39451 0.000766 3.143038 0.00144535
39601 0.000808 3.143759 0.00216635
39751 0.000817 3.143770 0.00217735
39901 0.000776 3.143280 0.00168735
40051 0.000844 3.143792 0.00219935
40201 0.001155 3.144499 0.00290635
40351 0.000832 3.145300 0.00370735
40501 0.000809 3.145404 0.00381135
40651 0.001094 3.145507 0.00391435
40801 0.000896 3.144825 0.00323235
40951 0.000797 3.145515 0.00392235
41101 0.001242 3.146006 0.00441335
41251 0.000887 3.146493 0.00490035
41401 0.000808 3.147557 0.00596435
41551 0.000902 3.147650 0.00605735
41701 0.001198 3.147550 0.00595735
41851 0.001247 3.147356 0.00576335
42001 0.000934 3.146401 0.00480835
42151 0.000873 3.146592 0.00499935
42301 0.001278 3.147349 0.00575635
42451 0.000840 3.146969 0.00537635
42601 0.001300 3.147156 0.00556335
42751 0.001009 3.147061 0.00546835
42901 0.001493 3.146407 0.00481435
43051 0.000879 3.147244 0.00565135
43201 0.000851 3.147242 0.00564935
43351 0.003688 3.147425 0.00583235
43501 0.001832 3.147422 0.00582935
43651 0.003304 3.146503 0.00491035
43801 0.003777 3.146777 0.00518435
43951 0.002707 3.146231 0.00463835
44101 0.001065 3.145688 0.00409535
44251 0.000901 3.146053 0.00446035
44401 0.000913 3.146686 0.00509335
44551 0.001768 3.145968 0.00437535
44701 0.001489 3.146149 0.00455635
44851 0.003145 3.145883 0.00429035
45001 0.000896 3.146686 0.00509335
45151 0.001014 3.146420 0.00482735
45301 0.000877 3.146774 0.00518135
45451 0.000898 3.146333 0.00474035
45601 0.001140 3.145984 0.00439135
45751 0.001261 3.146948 0.00535535
45901 0.000901 3.146424 0.00483135
46051 0.000914 3.146338 0.00474535
46201 0.000846 3.146166 0.00457335
46351 0.000988 3.146426 0.00483335
46501 0.001116 3.146341 0.00474835
46651 0.000914 3.145742 0.00414935
46801 0.001064 3.145745 0.00415235
46951 0.001092 3.145918 0.00432535
47101 0.000952 3.145581 0.00398835
47251 0.000921 3.145669 0.00407635
47401 0.001004 3.146010 0.00441735
47551 0.001465 3.146096 0.00450335
47701 0.000936 3.145930 0.00433735
47851 0.001356 3.146350 0.00475735
48001 0.001151 3.146434 0.00484135
48151 0.000919 3.146435 0.00484235
48301 0.000907 3.147016 0.00542335
48451 0.000977 3.147097 0.00550435
48601 0.000922 3.147178 0.00558535
48751 0.001042 3.146274 0.00468135
48901 0.001028 3.146439 0.00484635
49051 0.001607 3.146847 0.00525435
49201 0.001485 3.146684 0.00509135
49351 0.001245 3.146441 0.00484835
49501 0.000964 3.146118 0.00452535
49651 0.001214 3.146281 0.00468835
49801 0.000974 3.146041 0.00444835
49951 0.000984 3.145883 0.00429035
50101 0.001007 3.145885 0.00429235
50251 0.001158 3.145330 0.00373735
50401 0.001103 3.144938 0.00334535
50551 0.001053 3.144389 0.00279635
50701 0.001069 3.144238 0.00264535
50851 0.000990 3.143458 0.00186535
51001 0.001542 3.143625 0.00203235
51151 0.000969 3.144181 0.00258835
51301 0.000994 3.143486 0.00189335
51451 0.001064 3.143340 0.00174735
51601 0.001180 3.142807 0.00121435
51751 0.001190 3.142277 0.000684346
51901 0.001013 3.141674 8.13464e-05
52051 0.001087 3.140843 0.000749654
52201 0.001061 3.140936 0.000656654
52351 0.001008 3.140265 0.00132765
52501 0.000962 3.140512 0.00108065
52651 0.001327 3.140681 0.000911654
52801 0.001016 3.140774 0.000818654
52951 0.001414 3.140337 0.00125565
53101 0.001117 3.140882 0.000710654
53251 0.001010 3.140824 0.000768654
53401 0.001377 3.140765 0.000827654
53551 0.001085 3.141006 0.000586654
53701 0.001576 3.140873 0.000719654
53851 0.001395 3.141112 0.000480654
54001 0.001046 3.140757 0.000835654
54151 0.001350 3.140847 0.000745654
54301 0.001053 3.141452 0.000140654
54451 0.001002 3.141907 0.000314346
54601 0.001022 3.142214 0.000621346
54751 0.001161 3.141860 0.000267346
54901 0.001032 3.142092 0.000499346
55051 0.001092 3.142105 0.000512346
55201 0.001174 3.141972 0.000379346
55351 0.001095 3.142563 0.000970346
55501 0.001321 3.143006 0.00141335
55651 0.001074 3.142657 0.00106435
55801 0.001393 3.142166 0.000573346
55951 0.001100 3.142392 0.000799346
56101 0.001318 3.142760 0.00116735
56251 0.001253 3.143055 0.00146235
56401 0.001064 3.142994 0.00140135
56551 0.001134 3.142438 0.000845346
56701 0.001120 3.142802 0.00120935
56851 0.001107 3.142179 0.000586346
57001 0.001374 3.141769 0.000176346
57151 0.001074 3.141572 2.06536e-05
57301 0.001233 3.141586 6.65359e-06
57451 0.001137 3.141390 0.000202654
57601 0.001134 3.141890 0.000297346
57751 0.001091 3.142110 0.000517346
57901 0.001489 3.141915 0.000322346
58051 0.001092 3.142409 0.000816346
58201 0.001149 3.142145 0.000552346
58351 0.001216 3.142157 0.000564346
58501 0.001103 3.142510 0.000917346
58651 0.001279 3.142794 0.00120135
58801 0.001202 3.142464 0.000871346
58951 0.001098 3.142271 0.000678346
59101 0.001220 3.142350 0.000757346
59251 0.001821 3.142158 0.000565346
59401 0.001512 3.142102 0.000509346
59551 0.001202 3.142046 0.000453346
59701 0.001793 3.141924 0.000331346
59851 0.001200 3.141602 9.34641e-06
60001 0.001217 3.141748 0.000155346
60151 0.001238 3.141693 0.000100346
60301 0.001658 3.141440 0.000152654
60451 0.001568 3.141321 0.000271654
60601 0.001205 3.141202 0.000390654
60751 0.001241 3.141018 0.000574654
60901 0.001244 3.141032 0.000560654
61051 0.001169 3.140522 0.00107065
61201 0.001833 3.140472 0.00112065
61351 0.001196 3.140552 0.00104065
61501 0.001218 3.140177 0.00141565
61651 0.001269 3.140452 0.00114065
61801 0.001182 3.140596 0.000996654
61951 0.001257 3.140547 0.00104565
62101 0.001307 3.140368 0.00122465
62251 0.001437 3.140191 0.00140165
62401 0.001638 3.140655 0.000937654
62551 0.001318 3.141053 0.000539654
62701 0.001988 3.141385 0.000207654
62851 0.001498 3.141143 0.000449654
63001 0.001321 3.141093 0.000499654
63151 0.001369 3.141043 0.000549654
63301 0.001745 3.140803 0.000789654
63451 0.001477 3.140817 0.000775654
63601 0.001771 3.140768 0.000824654
63751 0.001663 3.141159 0.000433654
63901 0.001352 3.140733 0.000859654
64051 0.001273 3.141184 0.000408654
64201 0.001334 3.141633 4.03464e-05
64351 0.001312 3.141583 9.65359e-06
64501 0.001312 3.142029 0.000436346
64651 0.001435 3.141606 1.33464e-05
64801 0.001570 3.141680 8.73464e-05
64951 0.001479 3.141322 0.000270654
65101 0.005045 3.141396 0.000196654
65251 0.001476 3.141469 0.000123654
65401 0.001344 3.141848 0.000255346
65551 0.001261 3.141798 0.000205346
65701 0.001322 3.141870 0.000277346
65851 0.001435 3.141820 0.000227346
66001 0.001263 3.141771 0.000178346
66151 0.001513 3.141903 0.000310346
66301 0.001316 3.141793 0.000200346
66451 0.001581 3.141563 2.96536e-05
66601 0.001813 3.141394 0.000198654
66751 0.001423 3.140987 0.000605654
66901 0.001420 3.141298 0.000294654
67051 0.001382 3.140952 0.000640654
67201 0.001244 3.141382 0.000210654
67351 0.001412 3.141334 0.000258654
67501 0.001310 3.141524 6.86536e-05
67651 0.001449 3.141890 0.000297346
67801 0.001350 3.141783 0.000190346
67951 0.001344 3.142205 0.000612346
68101 0.001373 3.141980 0.000387346
68251 0.001332 3.141815 0.000222346
68401 0.001341 3.141358 0.000234654
68551 0.001407 3.141136 0.000456654
68701 0.001355 3.141264 0.000328654
68851 0.001381 3.141160 0.000432654
69001 0.001657 3.140998 0.000594654
69151 0.001639 3.141473 0.000119654
69301 0.001503 3.141773 0.000180346
69451 0.001389 3.142071 0.000478346
69601 0.001369 3.141736 0.000143346
69751 0.001457 3.142148 0.000555346
69901 0.001316 3.141815 0.000222346
70051 0.001393 3.141997 0.000404346
70201 0.001365 3.141893 0.000300346
70351 0.001624 3.142016 0.000423346
70501 0.001316 3.141629 3.63464e-05
70651 0.001706 3.141470 0.000122654
70801 0.001362 3.141425 0.000167654
70951 0.001371 3.141379 0.000213654
71101 0.001586 3.141165 0.000427654
71251 0.001893 3.141177 0.000415654
71401 0.001742 3.141132 0.000460654
71551 0.001396 3.141088 0.000504654
71701 0.001383 3.140821 0.000771654
71851 0.001397 3.141167 0.000425654
72001 0.001517 3.140901 0.000691654
72151 0.001457 3.141412 0.000180654
72301 0.001693 3.141755 0.000162346
72451 0.001320 3.142262 0.000669346
72601 0.001450 3.141830 0.000237346
72751 0.001496 3.141840 0.000247346
72901 0.001465 3.141191 0.000401654
73051 0.001735 3.141257 0.000335654
73201 0.002001 3.141378 0.000214654
73351 0.001428 3.141498 9.46536e-05
73501 0.001552 3.141835 0.000242346
73651 0.001420 3.141356 0.000236654
73801 0.001449 3.141583 9.65359e-06
73951 0.001469 3.141702 0.000109346
74101 0.001705 3.141658 6.53464e-05
74251 0.001429 3.141507 8.56536e-05
74401 0.001362 3.141248 0.000344654
74551 0.001519 3.141796 0.000203346
74701 0.001656 3.141484 0.000108654
74851 0.001571 3.141281 0.000311654
75001 0.001714 3.140811 0.000781654
75151 0.001485 3.140770 0.000822654
75301 0.001525 3.141313 0.000279654
75451 0.001642 3.141430 0.000162654
75601 0.001527 3.141122 0.000470654
75751 0.001447 3.141820 0.000227346
75901 0.001696 3.141988 0.000395346
76051 0.001555 3.142102 0.000509346
76201 0.001732 3.142373 0.000780346
76351 0.001579 3.142015 0.000422346
76501 0.002007 3.141815 0.000222346
76651 0.001565 3.141512 8.06536e-05
76801 0.002073 3.141470 0.000122654
76951 0.001631 3.141376 0.000216654
77101 0.001689 3.141438 0.000154654
77251 0.001545 3.141293 0.000299654
77401 0.001517 3.141406 0.000186654
77551 0.001489 3.141056 0.000536654
77701 0.001761 3.141324 0.000268654
77851 0.001529 3.141488 0.000104654
78001 0.002164 3.141293 0.000299654
78151 0.001518 3.141559 3.36536e-05
78301 0.001824 3.141773 0.000180346
78451 0.001519 3.142140 0.000547346
78601 0.001516 3.141639 4.63464e-05
78751 0.001547 3.141751 0.000158346
78901 0.001598 3.142013 0.000420346
79051 0.001523 3.141668 7.53464e-05
79201 0.001506 3.141374 0.000218654
79351 0.001627 3.141586 6.65359e-06
79501 0.001668 3.141143 0.000449654
79651 0.001522 3.141254 0.000338654
79801 0.001443 3.141414 0.000178654
79951 0.001521 3.141574 1.86536e-05
80101 0.001655 3.141584 8.65359e-06
80251 0.001821 3.141593 3.4641e-07
80401 0.002047 3.141254 0.000338654
80551 0.001607 3.140967 0.000625654
80701 0.001658 3.141027 0.000565654
80851 0.001858 3.141136 0.000456654
81001 0.001671 3.140998 0.000594654
81151 0.001727 3.141354 0.000238654
81301 0.001582 3.141019 0.000573654
81451 0.001582 3.140882 0.000710654
81601 0.001572 3.141138 0.000454654
81751 0.002187 3.141050 0.000542654
81901 0.001744 3.141109 0.000483654
82051 0.001663 3.141120 0.000472654
82201 0.001632 3.140935 0.000657654
82351 0.002160 3.140945 0.000647654
82501 0.002031 3.141004 0.000588654
82651 0.001645 3.140821 0.000771654
82801 0.001709 3.140687 0.000905654
82951 0.001780 3.140456 0.00113665
83101 0.001686 3.140419 0.00117365
83251 0.001800 3.140239 0.00135365
83401 0.001742 3.139866 0.00172665
83551 0.001594 3.139687 0.00190565
83701 0.001649 3.139747 0.00184565
83851 0.006793 3.140046 0.00154665
84001 0.001933 3.140296 0.00129665
84151 0.001624 3.140640 0.000952654
84301 0.002018 3.140698 0.000894654
84451 0.001988 3.140235 0.00135765
84601 0.002049 3.140719 0.000873654
84751 0.001633 3.140919 0.000673654
84901 0.001662 3.140740 0.000852654
85051 0.001827 3.140751 0.000841654
85201 0.001806 3.141278 0.000314654
85351 0.002315 3.141053 0.000539654
85501 0.001643 3.140501 0.00109165
85651 0.002350 3.139812 0.00178065
85801 0.002020 3.139357 0.00223565
85951 0.001717 3.139184 0.00240865
86101 0.001818 3.139011 0.00258165
86251 0.001923 3.138793 0.00279965
86401 0.001669 3.138714 0.00287865
86551 0.001680 3.139005 0.00258765
86701 0.001687 3.139479 0.00211365
86851 0.001921 3.139722 0.00187065
87001 0.001800 3.140056 0.00153665
87151 0.001869 3.140205 0.00138765
87301 0.001737 3.140033 0.00155965
87451 0.002371 3.139953 0.00163965
87601 0.001684 3.140147 0.00144565
87751 0.002642 3.139657 0.00193565
87901 0.001770 3.139668 0.00192465
88051 0.001914 3.139635 0.00195765
88201 0.001733 3.139466 0.00212665
88351 0.002346 3.139795 0.00179765
88501 0.001757 3.140349 0.00124365
88651 0.001731 3.140314 0.00127865
88801 0.001739 3.140550 0.00104265
88951 0.001763 3.140381 0.00121165
89101 0.002007 3.140481 0.00111165
89251 0.001732 3.140805 0.000787654
89401 0.001914 3.140681 0.000911654
89551 0.002799 3.140289 0.00130365
89701 0.001745 3.140612 0.000980654
89851 0.001869 3.140399 0.00119365
90001 0.001853 3.140321 0.00127165
90151 0.001666 3.140154 0.00143865
90301 0.002101 3.140253 0.00133965
90451 0.001635 3.140175 0.00141765
90601 0.001747 3.140142 0.00145065
90751 0.002360 3.140285 0.00130765
90901 0.001668 3.140472 0.00112065
91051 0.001806 3.140833 0.000759654
91201 0.002463 3.140711 0.000881654
91351 0.001826 3.140371 0.00122165
91501 0.002281 3.140337 0.00125565
91651 0.001767 3.140173 0.00141965
91801 0.001769 3.139966 0.00162665
91951 0.002181 3.140238 0.00135465
92101 0.001733 3.140248 0.00134465
92251 0.001981 3.139998 0.00159465
92401 0.002324 3.139836 0.00175665
92551 0.001795 3.139631 0.00196165
92701 0.002496 3.139599 0.00199365
92851 0.001816 3.139912 0.00168065
93001 0.001812 3.139665 0.00192765
93151 0.001959 3.139419 0.00217365
93301 0.001832 3.139945 0.00164765
93451 0.001771 3.140341 0.00125165
93601 0.001824 3.140565 0.00102765
93751 0.001828 3.140319 0.00127365
93901 0.001895 3.140542 0.00105065
94051 0.003141 3.140594 0.000998654
94201 0.002555 3.140434 0.00115865
94351 0.001923 3.140359 0.00123365
94501 0.002041 3.140115 0.00147765
94651 0.002189 3.140125 0.00146765
94801 0.008178 3.140136 0.00145665
94951 0.002153 3.140062 0.00153065
95101 0.001952 3.139904 0.00168865
95251 0.002587 3.139789 0.00180365
95401 0.002034 3.139716 0.00187665
95551 0.001890 3.139768 0.00182465
95701 0.002293 3.139570 0.00202265
95851 0.001927 3.139706 0.00188665
96001 0.002173 3.139884 0.00170865
96151 0.002121 3.140311 0.00128165
96301 0.002001 3.140154 0.00143865
96451 0.001941 3.139750 0.00184265
96601 0.001878 3.139843 0.00174965
96751 0.001966 3.139688 0.00190465
96901 0.001941 3.139988 0.00160465
97051 0.001892 3.140205 0.00138765
97201 0.001842 3.140544 0.00104865
97351 0.002163 3.140882 0.000710654
97501 0.001945 3.141014 0.000578654
97651 0.001942 3.140941 0.000651654
97801 0.002233 3.141195 0.000397654
97951 0.001934 3.141407 0.000185654
98101 0.001899 3.141456 0.000136654
98251 0.002329 3.141627 3.43464e-05
98401 0.002521 3.141675 8.23464e-05
98551 0.002100 3.141845 0.000252346
98701 0.001859 3.141569 2.36536e-05
98851 0.002019 3.141617 2.43464e-05
99001 0.001925 3.141625 3.23464e-05
99151 0.002044 3.141431 0.000161654
99301 0.002255 3.141479 0.000113654
99451 0.001912 3.141567 2.56536e-05
99601 0.002358 3.141414 0.000178654
99751 0.002246 3.141462 0.000130654
99901 0.001902 3.141430 0.000162654
